92900000.0
45000000.0
17100000.0
2500000.0
32800000.0
1900000.0
16400000.0
89400000.0
400000.0
9500000.0
105500000.0
12100000.0
2200000.0
9000000.0
156200000.0
259000000.0
135600000.0
8400000.0
156500000.0
60000000.0
181500000.0
14700000.0
600000.0
4300000.0
155000000.0
2900000.0
45200000.0
114300000.0
122400000.0
33800000.0
164500000.0
14800000.0
31700000.0
25000000.0
67800000.0
106600000.0
28100000.0
25900000.0
74200000.0
30400000.0
59800000.0
7500000.0
30100000.0
2000000.0
35800000.0
4900000.0
38500000.0
28600000.0
23800000.0
233200000.0
33100000.0
67900000.0
400000.0
9100.0
4300000.0
29500000.0
127700000.0
5200000.0
700000.0
13400000.0
31200000.0
267000000.0
93000000.0
35700000.0
100500000.0
52800000.0
144000000.0
7100000.0
4400000.0
15400000.0
5600000.0
70700000.0
110800000.0
18400000.0
23300000.0
3200000.0
41600000.0
76100000.0
50500000.0
31200000.0
44700000.0
317600000.0
32400000.0
73600000.0
11400000.0
70900000.0
5100000.0
31500000.0
10800000.0
129500000.0
19000000.0
4200000.0
163900000.0
5700000.0
4700000.0
200700000.0
4000000.0
40300000.0
700000.0
55100000.0
16200000.0
31300000.0
6300000.0
51400000.0
11300000.0
7300000.0
58200000.0
68800000.0
25300000.0
44400000.0
13100000.0
13700000.0
55000000.0
12300000.0
200000.0
54200000.0
197800000.0
142500000.0
50000000.0
19800000.0
27800000.0
55800000.0
33300000.0
12400000.0
23000000.0
50000000.0
15300000.0
23600000.0
200000.0
27700000.0
29900000.0
70300000.0
14100000.0
13100000.0
313800000.0
2000000.0
41300000.0
52300000.0
27000000.0
8300000.0
4800000.0
11900000.0
54400000.0
34700000.0
70800000.0
5300000.0
1500000.0
170700000.0
19000000.0
108600000.0
107800000.0
18900000.0
16500000.0
3900000.0
4900000.0
29600000.0
26600000.0
500000.0
12600000.0
7000000.0
2800000.0
77600000.0
30700000.0
22000000.0
17900000.0
6800000.0
6500000.0
14200000.0
160200000.0
4700000.0
5400000.0
41500000.0
90300000.0
145800000.0
131900000.0
116600000.0
11300000.0
30300000.0
44900000.0
39800000.0
141100000.0
39500000.0
46500000.0
1400000.0
41100000.0
800000.0
15900000.0
81600000.0
261800000.0
40600000.0
71000000.0
100000.0
78100000.0
213100000.0
600000.0
12800000.0
190400000.0
310300000.0
104100000.0
30300000.0
340500000.0
24400000.0
241300000.0
3400000.0
227900000.0
95300000.0
1100000.0
100000.0
22200000.0
3700000.0
34900000.0
700000.0
164400000.0
25200000.0
17200000.0
92900000.0
28300000.0
25700000.0
38100000.0
93800000.0
127200000.0
43100000.0
42700000.0
12600000.0
19400000.0
33600000.0
41400000.0
6000000.0
300000.0
74600000.0
12600000.0
4500000.0
36000000.0
9900000.0
30000000.0
20900000.0
41100000.0
600000.0
124600000.0
139100000.0
8200000.0
53700000.0
14100000.0
700000.0
214800000.0
300000.0
377000000.0
60400000.0
4400000.0
105800000.0
1100000.0
26300000.0
2300000.0
26500000.0
1000000.0
47600000.0
44600000.0
9700000.0
21700000.0
28000000.0
1500000.0
66300000.0
111700000.0
16200000.0
102500000.0
4700000.0
300000.0
700000.0
200000.0
65600000.0
30900000.0
700000.0
100700000.0
43400000.0
242600000.0
100000.0
15200000.0
19600000.0
90100000.0
49200000.0
109800000.0
66300000.0
89800000.0
63700000.0
138400000.0
132100000.0
1000000.0
111100000.0
15400000.0
46500000.0
5300000.0
305300000.0
37600000.0
800000.0
15500000.0
43500000.0
75800000.0
1500000.0
104400000.0
116600000.0
36900000.0
173400000.0
51500000.0
82200000.0
12900000.0
3900000.0
93900000.0
133800000.0
59900000.0
30500000.0
2100000.0
67300000.0
58300000.0
26100000.0
2300000.0
47800000.0
26800000.0
4600000.0
22700000.0
55800000.0
132500000.0
95600000.0
200000.0
59500000.0
400000.0
70000000.0
1500000.0
12700000.0
100400000.0
75200000.0
4400000.0
22800000.0
71400000.0
61200000.0
44500000.0
3600000.0
45900000.0
160800000.0
176000000.0
57700000.0
10900000.0
12800000.0
34300000.0
86000000.0
65000000.0
1900000.0
3000000.0
66100000.0
186600000.0
37700000.0
125400000.0
300000.0
23500000.0
4300000.0
6500000.0
13500000.0
51700000.0
11500000.0
1600000.0
400000.0
370200000.0
84000000.0
6800000.0
21800000.0
23200000.0
13900000.0
118500000.0
51600000.0
5000000.0
249400000.0
8100000.0
41800000.0
59000000.0
50700000.0
18900000.0
373400000.0
100000000.0
17800000.0
3600000.0
55200000.0
32600000.0
2800000.0
88200000.0
10400000.0
4600000.0
20400000.0
26700000.0
34000000.0
32700000.0
75300000.0
10200000.0
58200000.0
51400000.0
2500000.0
28300000.0
400000.0
73700000.0
81400.0
5700000.0
80200000.0
900000.0
14100000.0
6500000.0
87900000.0
56000000.0
77000000.0
84100000.0
14300000.0
300000.0
500000.0
8800000.0
16200000.0
6100000.0
31000000.0
8000000.0
17000000.0
29200000.0
67200000.0
5600000.0
279200000.0
40200000.0
6800000.0
114200000.0
900000.0
64300000.0
31500000.0
48000000.0
6200000.0
85400000.0
13100000.0
69100000.0
18200000.0
436500000.0
58900000.0
400000.0
110200000.0
34100000.0
68000000.0
12500000.0
109200000.0
400000.0
26800000.0
32800000.0
6300000.0
2800000.0
4900000.0
31400000.0
33000000.0
22900000.0
206400000.0
800000.0
75500000.0
16900000.0
600000.0
1100000.0
900000.0
48100.0
4200000.0
58600.0
55900000.0
20400000.0
1100000.0
380200000.0
15300000.0
19400000.0
1000000.0
1600000.0
67200000.0
22700000.0
47700000.0
56100000.0
135300000.0
87000000.0
8700000.0
70500000.0
2400000.0
28000000.0
43800000.0
29500000.0
24600000.0
43500000.0
24000000.0
18300000.0
18000000.0
32000000.0
200000.0
205200000.0
12500000.0
33600000.0
50800000.0
1900000.0
8500000.0
209200000.0
47400000.0
291700000.0
75900000.0
128100000.0
47100000.0
14900000.0
13600000.0
800000.0
200000.0
34600000.0
177600000.0
23100000.0
1000000.0
7100000.0
47300000.0
80200000.0
48300000.0
290000000.0
800000.0
82800000.0
53300000.0
31700000.0
89600000.0
5000000.0
11000000.0
22100000.0
74000000.0
48400000.0
22300000.0
31500000.0
3300000.0
37800000.0
59900000.0
55600000.0
26100000.0
50400000.0
12800000.0
119300000.0
30900000.0
1600000.0
32600000.0
12400000.0
25300000.0
49200000.0
24400000.0
15800000.0
16200000.0
10100000.0
62600000.0
154500000.0
1700000.0
45400000.0
18700000.0
200000.0
300000.0
700000.0
200000.0
1100000.0
400000.0
1500000.0
80100000.0
33000000.0
16500000.0
5400000.0
134500000.0
17100000.0
4600000.0
43700000.0
50500000.0
49100000.0
131800000.0
66600000.0
200000.0
118200000.0
6400000.0
900000.0
1100000.0
2900000.0
256300000.0
130100000.0
6600000.0
28400000.0
7000000.0
20300000.0
35100000.0
35400000.0
300000.0
900000.0
292000000.0
14300000.0
6900000.0
28600000.0
3700000.0
11000000.0
3800000.0
49000000.0
309400000.0
43100000.0
600000.0
20800000.0
3200000.0
18200000.0
23700000.0
217200000.0
12700000.0
20300000.0
115800000.0
23600000.0
3300000.0
700000.0
16300000.0
7500000.0
33000000.0
39600000.0
16900000.0
18700000.0
58900000.0
219900000.0
126600000.0
100300000.0
18000000.0
41700000.0
25100000.0
117100000.0
43700000.0
200000.0
5700000.0
140100000.0
5800000.0
32600000.0
50800000.0
168200000.0
71900000.0
70100000.0
42600000.0
2300000.0
28600000.0
39700000.0
12500000.0
90500000.0
27500000.0
121500000.0
13300000.0
119700000.0
17500000.0
24300000.0
127700000.0
320700000.0
206400000.0
3400000.0
700000.0
7200000.0
25800000.0
18300000.0
54100000.0
50600000.0
61400000.0
25500000.0
74200000.0
4500000.0
336500000.0
35000000.0
36500000.0
19000000.0
15700000.0
18900000.0
4000000.0
4300000.0
4400000.0
95300000.0
183000000.0
4500000.0
227200000.0
5400000.0
300000.0
5900000.0
40100000.0
9100000.0
8100000.0
143100000.0
22900000.0
62700000.0
148100000.0
143700000.0
152600000.0
12000000.0
7000000.0
31500000.0
5700000.0
12000000.0
13400000.0
1500000.0
76600000.0
70000000.0
47900000.0
3500000.0
59100.0
17500000.0
80100000.0
23200000.0
40000000.0
141200000.0
75800000.0
100000.0
9600000.0
28700000.0
41900000.0
100500000.0
9000000.0
500000.0
52500000.0
13200000.0
141600000.0
51900000.0
22500000.0
102200000.0
7500000.0
1000000.0
97800.0
3500000.0
227900000.0
31400000.0
44000000.0
20200000.0
42200000.0
300000.0
317000000.0
7800000.0
48200000.0
31700000.0
8400000.0
23500000.0
2300000.0
60300000.0
600000.0
38100000.0
6300000.0
120100000.0
215400000.0
10800000.0
101100000.0
19400000.0
180000000.0
2800000.0
39400000.0
2500000.0
39300000.0
94800000.0
400000.0
168400000.0
26400000.0
40600000.0
37700000.0
700000.0
80000000.0
15700000.0
24800000.0
29900000.0
59600.0
19800000.0
144900000.0
7900000.0
14200000.0
3000000.0
200000.0
2100000.0
32000000.0
80200000.0
100000000.0
31700000.0
36900.0
50800000.0
500000.0
223700000.0
17300000.0
4800000.0
71100000.0
72300000.0
97600000.0
34400.0
134500000.0
1100000.0
110400000.0
43900000.0
79100000.0
60300000.0
11400000.0
58700.0
3100000.0
25800000.0
1100000.0
31200000.0
20800000.0
8100000.0
17400000.0
35100000.0
25500000.0
32900000.0
127500000.0
130200000.0
18600000.0
67300000.0
7800000.0
11600000.0
94500000.0
7600000.0
90500000.0
15700000.0
6500000.0
109200000.0
16000000.0
13000000.0
200000.0
1900000.0
63400000.0
296600000.0
255500000.0
41500000.0
9200000.0
25000000.0
200000.0
100000.0
200000.0
125300000.0
5200000.0
1600000.0
3700000.0
15000000.0
1400000.0
8500000.0
150200000.0
2000000.0
166100000.0
1800000.0
200000.0
27700000.0
4800000.0
1600000.0
44000000.0
600000.0
35900000.0
120500000.0
1800000.0
500000.0
32400000.0
6700000.0
7400000.0
600000.0
200000.0
94100000.0
73300000.0
34700.0
277300000.0
79500000.0
64100000.0
15500000.0
107500000.0
9600.0
104400000.0
100000.0
4400000.0
163900000.0
90500000.0
257700000.0
67100000.0
88900000.0
141200000.0
4300000.0
37400000.0
4800000.0
9100000.0
155000000.0
66400000.0
37000000.0
29600000.0
20900000.0
219300000.0
22900000.0
97000000.0
500000.0
13200000.0
10900000.0
10200000.0
42100000.0
124900000.0
301900000.0
19500000.0
177100000.0
11900000.0
16000000.0
133400000.0
68000.0
300000.0
73000000.0
146300000.0
5200000.0
43300000.0
38100000.0
51800000.0
1100000.0
17000000.0
6300000.0
14200000.0
700000.0
75200000.0
20500000.0
179700000.0
10600000.0
500000.0
45800000.0
13800000.0
93900000.0
400000.0
10600000.0
38300000.0
79900000.0
18400000.0
9200000.0
26700000.0
24000000.0
12500000.0
5200000.0
77200000.0
47500000.0
9400000.0
33300000.0
33800000.0
900000.0
72200.0
196600000.0
200000.0
300000.0
6000000.0
1400000.0
58600000.0
25500000.0
49100000.0
13600000.0
38500000.0
115600000.0
25600000.0
198300000.0
400000.0
402100000.0
6200000.0
119400000.0
40600000.0
800000.0
112700000.0
31700000.0
9700000.0
600000.0
107000000.0
176600000.0
11900000.0
100400000.0
20800000.0
92400.0
6500000.0
2400000.0
1100000.0
5700000.0
1000000.0
11500000.0
43600000.0
21100000.0
172100000.0
12100000.0
53000000.0
4400000.0
100000.0
20000000.0
2600000.0
32400000.0
96900000.0
60900000.0
12000000.0
9900.0
21500000.0
125000000.0
148200000.0
18500.0
3200000.0
292600000.0
48900000.0
24700000.0
500000.0
6800000.0
500000.0
131600000.0
100000.0
3000.0
86700000.0
33100000.0
14600000.0
3900.0
64000000.0
37700000.0
42400000.0
500000.0
59700000.0
26600000.0
28700000.0
1200000.0
21000.0
1800000.0
10500000.0
73000000.0
76400000.0
500000.0
6900000.0
148400000.0
52000000.0
400000.0
42400000.0
55700000.0
77200000.0
800000.0
1800000.0
58400000.0
93600000.0
100000.0
57700000.0
5800000.0
7500000.0
80600000.0
415000000.0
30200000.0
400000.0
2100.0
1000000.0
100000.0
400000.0
300500000.0
100200000.0
62000000.0
251500000.0
8000000.0
6400000.0
500000.0
36700000.0
25700000.0
162000000.0
22200.0
18300000.0
26200000.0
3200000.0
31100000.0
2200000.0
25000000.0
119200000.0
24000000.0
13200000.0
24300000.0
1300000.0
4000000.0
98700000.0
312100000.0
200000.0
32700000.0
94300000.0
200000.0
84700000.0
54000000.0
37500000.0
200000.0
